# AERIS-10 Golden Reference Detections
# Threshold: 10000
# Format: range_bin doppler_bin magnitude
0 0 44371
0 1 24165
0 31 17748
1 0 34391
1 1 17923
1 31 18610
2 0 28512
2 1 13818
2 31 15787
3 0 47402
3 1 25214
3 31 23504
4 0 51870
4 1 32733
4 31 31545
5 0 31752
5 1 13486
5 31 19300
6 0 63406
6 1 33383
6 31 36672
7 0 37576
7 1 21215
7 31 27773
8 0 14823
10 0 30062
10 1 13616
10 31 17149
11 0 65534
11 1 60963
11 2 14848
11 3 12082
11 4 18060
11 29 10045
11 30 20661
11 31 65536
12 0 65536
12 1 44569
12 4 11189
12 30 13936
12 31 57036
13 0 47038
13 1 40212
13 2 14655
13 4 10242
13 30 14945
13 31 40237
14 0 65534
14 1 43568
14 3 10974
14 4 11491
14 30 15272
14 31 57983
15 0 34501
15 1 22496
15 31 25197
16 0 32784
16 1 19309
16 31 14005
17 0 23063
17 1 13730
18 0 17087
18 1 12092
19 0 65535
19 1 49084
19 2 11399
19 30 13119
19 31 48411
20 0 65509
20 1 37881
20 31 35014
21 0 39614
21 1 23389
21 31 22417
22 0 27174
22 1 12577
22 31 15278
23 0 39885
23 1 29247
23 31 33561
24 0 29644
24 28 11071
24 31 20937
25 0 65535
25 1 54580
25 2 20278
25 30 20041
25 31 59445
26 0 58162
26 1 46544
26 2 17230
26 3 10127
26 31 44711
27 0 65535
27 1 65535
27 2 44599
27 3 17124
27 28 15139
27 29 26067
27 30 54631
27 31 65535
28 0 65535
28 1 65535
28 2 43056
28 3 14647
28 4 11808
28 29 15256
28 30 50518
28 31 65535
29 0 65535
29 1 61621
29 2 28859
29 3 19523
29 4 21765
29 5 12687
29 27 13175
29 28 19619
29 29 24365
29 30 48682
29 31 65535
30 0 55399
30 1 46683
30 2 21192
30 3 15905
30 4 18003
30 29 11105
30 30 22360
30 31 40830
31 0 46504
31 1 44346
31 2 34200
31 3 20677
31 4 18570
31 5 10430
31 29 12684
31 30 31778
31 31 36195
32 0 39540
32 1 36657
32 31 35394
33 0 35482
33 1 32886
33 2 15041
33 28 10103
33 29 11617
33 30 17465
33 31 34603
34 0 47950
34 1 25855
34 31 23198
35 0 65536
35 1 63059
35 2 24416
35 30 27412
35 31 65534
36 0 65535
36 1 41914
36 2 11341
36 30 11276
36 31 41419
38 0 63253
38 1 46689
38 2 13576
38 30 14208
38 31 49979
39 0 33480
39 1 25439
39 31 23094
40 0 52003
40 1 47059
40 2 13164
40 31 37992
41 0 65536
41 1 65534
41 2 25844
41 3 14580
41 4 12743
41 30 22231
41 31 65534
42 0 52097
42 1 45022
42 2 10317
42 28 11984
42 29 10182
42 30 13078
42 31 40477
43 0 61723
43 1 48104
43 2 17623
43 3 10105
43 28 28331
43 29 24102
43 31 45085
44 0 65535
44 1 65535
44 2 60795
44 3 25438
44 27 39330
44 28 60025
44 29 52445
44 30 35091
44 31 65535
45 0 65535
45 1 65535
45 2 27652
45 3 14416
45 4 10622
45 27 16323
45 28 40935
45 29 30694
45 30 29375
45 31 65535
46 0 65536
46 1 57696
46 2 14924
46 30 14433
46 31 45164
47 0 59141
47 1 44129
47 2 15305
47 28 13092
47 30 13754
47 31 47415
48 0 27722
48 1 13381
48 31 16907
49 0 51936
49 1 43775
49 2 13004
49 31 40023
50 0 45430
50 1 39187
50 2 15881
50 30 12925
50 31 38207
51 0 34026
51 1 33081
51 31 34429
52 0 34415
52 1 15408
52 31 19344
53 0 52351
53 1 42915
53 2 14442
53 30 13099
53 31 42143
54 0 62356
54 1 49279
54 2 15596
54 30 15478
54 31 46574
55 0 33829
55 1 15941
55 31 18110
56 0 65535
56 1 46926
56 2 11443
56 28 12373
56 29 12101
56 30 14660
56 31 53058
58 0 65535
58 1 56769
58 2 14110
58 28 12576
58 29 16059
58 30 18858
58 31 63517
59 0 30703
59 1 24206
59 28 17534
59 29 12652
60 0 35136
60 1 21277
60 31 25048
61 0 28692
61 1 11267
61 28 11881
61 31 17628
62 0 35795
62 1 18879
62 31 18083
63 0 65535
63 1 40428
63 28 11884
63 29 13271
63 30 14869
63 31 52574
