# AERIS-10 Full-Chain Golden Reference Detections
# Threshold: 10000
# Format: range_bin doppler_bin magnitude
0 0 65534
0 1 59350
0 2 16748
0 4 18802
0 29 10539
0 30 18526
0 31 65536
1 0 65535
1 1 65535
1 2 37002
1 4 12412
1 5 14956
1 6 12586
1 7 11607
1 8 11379
1 24 11725
1 28 17218
1 29 32939
1 30 58888
1 31 65535
2 0 65535
2 1 65535
2 2 60795
2 3 25438
2 27 39330
2 28 60025
2 29 52445
2 30 35091
2 31 65535
3 0 65535
3 1 63297
3 2 32758
3 3 42197
3 4 35819
3 5 12663
3 7 19561
3 8 12012
3 12 13537
3 13 12879
3 19 10255
3 20 10129
3 24 17256
3 25 22733
3 26 10202
3 28 24061
3 29 19639
3 31 37328
4 0 46755
4 1 39569
4 2 12396
4 28 12471
4 29 12156
4 30 16659
4 31 40340
5 0 44089
5 1 23634
5 31 21331
6 0 48634
6 1 24635
6 31 25423
7 0 24477
7 1 14206
7 31 10955
8 0 41014
8 1 19527
8 31 21133
9 0 47277
9 1 28366
9 31 29936
10 0 47095
10 1 26150
10 31 24009
11 0 47384
11 1 25409
11 31 24250
12 0 24648
12 1 14298
12 31 13970
13 0 13062
15 0 10284
16 0 14267
17 0 16165
18 0 14235
18 31 12120
19 0 18006
19 1 14936
20 0 47569
20 1 33826
20 31 35752
21 0 47804
21 1 21420
21 31 30292
22 0 14968
26 0 16086
26 31 10462
30 0 16628
30 1 10044
38 0 23453
38 1 13989
38 31 10672
39 0 31656
39 1 17367
39 31 17314
40 0 19156
40 1 10817
40 31 10083
45 0 25385
45 1 11685
45 31 14673
46 0 12576
46 4 10141
46 28 12358
47 0 19657
47 31 15741
48 0 13189
48 1 10038
49 0 33747
49 1 16561
49 31 18910
50 0 20552
50 31 10843
51 0 20068
51 1 13887
51 4 10305
51 28 11339
53 28 10166
55 0 39891
55 1 17615
55 31 24898
56 0 62796
56 1 29788
56 31 38261
57 0 63585
57 1 59760
57 2 13027
57 3 43395
57 4 59148
57 5 31472
57 6 11913
57 7 13807
57 8 12132
57 16 14068
57 17 10379
57 24 15712
57 25 11076
57 26 14856
57 27 23468
57 28 38479
57 29 23078
57 30 17921
57 31 46558
58 0 54425
58 1 45222
58 2 11380
58 4 11700
58 29 12022
58 30 13911
58 31 45374
59 0 45581
59 1 31538
59 2 10481
59 31 34132
60 0 28622
60 1 12594
60 3 11799
60 4 13327
60 28 11737
60 29 11439
60 31 16902
61 0 28716
61 1 16605
61 31 15745
62 0 14151
62 1 15747
62 4 11738
62 5 12479
62 26 10789
62 27 16875
62 28 19372
62 29 16120
62 30 18215
62 31 10810
63 0 63651
63 1 35648
63 30 10692
63 31 38169
